DEL NORTE 2E	maxt	mint	pcpn	snow
2015-01-01	22	3	T	0.1
2015-01-02	22	2	0.15	2.4
2015-01-03	21	-0	0.00	0.0
2015-01-04	32	-0	0.00	0.0
2015-01-05	29	4	0.00	0.0
2015-01-06	31	13	0.00	0.0
2015-01-07	41	16	0.00	0.0
2015-01-08	43	12	0.00	0.0
2015-01-09	37	12	0.00	0.0
2015-01-10	34	11	0.00	0.0
2015-01-11	24	17	0.00	0.0
2015-01-12	26	18	0.10	2.1
2015-01-13	33	20	T	0.2
2015-01-14	33	23	0.03	0.6
2015-01-15	34	10	0.00	0.0
2015-01-16	35	9	0.00	0.0
2015-01-17	34	10	0.00	0.0
2015-01-18	41	8	0.00	0.0
2015-01-19	41	12	0.00	0.0
2015-01-20	40	14	0.00	0.0
2015-01-21	35	5	0.00	0.0
2015-01-22	25	-0	0.06	2.3
2015-01-23	28	2	0.00	0.0
2015-01-24	29	6	0.00	0.0
2015-01-25	44	13	0.00	0.0
2015-01-26	43	15	0.00	0.0
2015-01-27	45	M	0.00	0.0
2015-01-28	47	21	0.00	0.0
2015-01-29	47	26	0.00	0.0
2015-01-30	41	29	0.09	1.2
2015-01-31	34	28	0.01	0.1
2015-02-01	37	19	T	T
2015-02-02	43	17	0.00	0.0
2015-02-03	43	16	0.00	0.0
2015-02-04	45	22	0.00	0.0
2015-02-05	51	21	0.00	0.0
2015-02-06	49	18	0.00	0.0
2015-02-07	50	19	0.00	0.0
2015-02-08	55	25	0.00	0.0
2015-02-09	57	25	0.00	0.0
2015-02-10	55	24	0.00	0.0
2015-02-11	54	27	0.15	2.1
2015-02-12	44	23	T	T
2015-02-13	47	24	0.00	0.0
2015-02-14	54	25	0.00	0.0
2015-02-15	55	28	0.00	0.0
2015-02-16	52	19	T	T
2015-02-17	36	10	0.04	0.7
2015-02-18	38	10	0.00	0.0
2015-02-19	47	16	0.00	0.0
2015-02-20	54	23	0.00	0.0
2015-02-21	55	18	0.00	0.0
2015-02-22	37	21	0.05	0.7
2015-02-23	38	15	0.89	11.6
2015-02-24	26	8	0.09	1.3
2015-02-25	31	4	0.00	0.0
2015-02-26	30	6	0.01	0.2
2015-02-27	30	6	0.06	1.3
2015-02-28	30	6	T	T
2015-03-01	28	16	0.04	0.9
2015-03-02	36	20	0.12	1.2
2015-03-03	45	23	0.11	0.1
2015-03-04	39	13	0.00	0.0
2015-03-05	35	8	0.00	0.0
2015-03-06	33	10	0.00	0.0
2015-03-07	42	16	0.00	0.0
2015-03-08	46	21	0.00	0.0
2015-03-09	49	23	0.00	0.0
2015-03-10	48	24	0.00	0.0
2015-03-11	52	26	0.00	0.0
2015-03-12	54	28	0.00	0.0
2015-03-13	56	32	0.00	0.0
2015-03-14	52	29	0.02	0.0
2015-03-15	57	29	0.00	0.0
2015-03-16	64	30	0.00	0.0
2015-03-17	66	31	0.00	0.0
2015-03-18	60	32	0.00	0.0
2015-03-19	61	34	0.10	0.0
2015-03-20	50	29	0.36	0.8
2015-03-21	54	29	0.00	0.0
2015-03-22	58	31	0.00	0.0
2015-03-23	64	31	0.00	0.0
2015-03-24	59	28	0.00	0.0
2015-03-25	59	27	0.00	0.0
2015-03-26	50	20	0.00	0.0
2015-03-27	60	21	0.00	0.0
2015-03-28	67	33	0.00	0.0
2015-03-29	70	35	0.00	0.0
2015-03-30	69	35	0.00	0.0
2015-03-31	68	32	0.00	0.0
2015-04-01	67	31	0.00	0.0
2015-04-02	64	31	0.00	0.0
2015-04-03	58	21	0.00	0.0
2015-04-04	53	19	0.00	0.0
2015-04-05	60	19	0.00	0.0
2015-04-06	63	29	0.00	0.0
2015-04-07	63	32	0.00	0.0
2015-04-08	61	31	0.00	0.0
2015-04-09	58	27	0.00	0.0
2015-04-10	55	25	0.00	0.0
2015-04-11	61	28	0.00	0.0
2015-04-12	61	28	0.00	0.0
2015-04-13	64	32	0.00	0.0
2015-04-14	66	28	0.00	0.0
2015-04-15	65	28	T	0.0
2015-04-16	52	28	0.00	0.0
2015-04-17	55	24	0.24	1.5
2015-04-18	42	21	T	T
2015-04-19	45	23	0.00	0.0
2015-04-20	57	24	T	0.0
2015-04-21	61	30	T	0.0
2015-04-22	61	27	0.00	0.0
2015-04-23	59	30	0.00	0.0
2015-04-24	63	34	0.00	0.0
2015-04-25	58	29	0.00	0.0
2015-04-26	58	27	0.00	0.0
2015-04-27	49	32	0.55	1.2
2015-04-28	54	28	0.00	0.0
2015-04-29	58	31	0.00	0.0
2015-04-30	68	38	0.00	0.0
2015-05-01	70	39	0.00	0.0
2015-05-02	70	37	0.01	0.0
2015-05-03	66	35	0.01	0.0
2015-05-04	66	36	0.01	0.0
2015-05-05	62	40	0.21	0.0
2015-05-06	48	36	0.28	0.0
2015-05-07	61	34	T	0.0
2015-05-08	62	35	0.00	0.0
2015-05-09	63	31	T	0.0
2015-05-10	47	32	0.03	0.0
2015-05-11	56	30	0.28	0.7
2015-05-12	59	33	0.00	0.0
2015-05-13	65	40	0.03	0.0
2015-05-14	65	38	0.00	0.0
2015-05-15	64	36	0.02	0.0
2015-05-16	53	29	T	0.0
2015-05-17	55	31	0.02	0.0
2015-05-18	61	34	0.02	0.0
2015-05-19	67	34	1.00	0.0
2015-05-20	56	32	0.05	0.0
2015-05-21	62	34	0.00	0.0
2015-05-22	60	37	0.04	0.0
2015-05-23	61	35	0.02	0.0
2015-05-24	58	39	T	0.0
2015-05-25	53	33	0.26	0.0
2015-05-26	64	35	0.01	0.0
2015-05-27	64	33	0.01	0.0
2015-05-28	69	40	0.00	0.0
2015-05-29	67	36	0.00	0.0
2015-05-30	66	35	0.03	0.0
2015-05-31	70	35	0.00	0.0
2015-06-01	75	44	T	0.0
2015-06-02	76	38	T	0.0
2015-06-03	78	41	0.00	0.0
2015-06-04	78	38	0.00	0.0
2015-06-05	78	38	0.00	0.0
2015-06-06	68	46	0.02	0.0
2015-06-07	71	39	0.03	0.0
2015-06-08	73	37	0.03	0.0
2015-06-09	76	45	0.00	0.0
2015-06-10	79	45	0.01	0.0
2015-06-11	72	45	0.08	0.0
2015-06-12	76	43	0.00	0.0
2015-06-13	70	44	0.01	0.0
2015-06-14	72	44	0.00	0.0
2015-06-15	77	42	0.02	0.0
2015-06-16	77	42	0.05	0.0
2015-06-17	68	47	0.20	0.0
2015-06-18	75	47	0.00	0.0
2015-06-19	83	45	T	0.0
2015-06-20	86	52	0.00	0.0
2015-06-21	87	49	0.00	0.0
2015-06-22	90	50	0.00	0.0
2015-06-23	92	50	0.00	0.0
2015-06-24	86	50	T	0.0
2015-06-25	81	49	0.00	0.0
2015-06-26	83	49	0.00	0.0
2015-06-27	82	49	0.26	0.0
2015-06-28	82	49	0.03	0.0
2015-06-29	82	49	0.03	0.0
2015-06-30	80	50	0.00	0.0
2015-07-01	85	53	0.04	0.0
2015-07-02	84	54	0.03	0.0
2015-07-03	84	48	0.05	0.0
2015-07-04	77	49	0.02	0.0
2015-07-05	79	51	T	0.0
2015-07-06	79	50	0.12	0.0
2015-07-07	77	53	0.21	0.0
2015-07-08	77	46	0.03	0.0
2015-07-09	67	43	0.04	0.0
2015-07-10	69	44	0.07	0.0
2015-07-11	76	47	0.00	0.0
2015-07-12	80	47	0.00	0.0
2015-07-13	81	47	0.00	0.0
2015-07-14	81	47	0.01	0.0
2015-07-15	71	48	0.04	0.0
2015-07-16	73	47	0.02	0.0
2015-07-17	77	46	0.00	0.0
2015-07-18	74	47	0.10	0.0
2015-07-19	77	47	0.26	0.0
2015-07-20	71	51	0.02	0.0
2015-07-21	69	54	0.32	0.0
2015-07-22	79	47	0.00	0.0
2015-07-23	77	48	0.00	0.0
2015-07-24	78	50	0.00	0.0
2015-07-25	81	50	0.03	0.0
2015-07-26	81	50	0.00	0.0
2015-07-27	81	52	0.01	0.0
2015-07-28	83	46	0.00	0.0
2015-07-29	86	51	0.02	0.0
2015-07-30	81	47	T	0.0
2015-07-31	86	46	0.00	0.0
2015-08-01	79	56	0.00	0.0
2015-08-02	77	51	0.00	0.0
2015-08-03	73	53	0.18	0.0
2015-08-04	74	47	0.10	0.0
2015-08-05	85	46	T	0.0
2015-08-06	85	49	T	0.0
2015-08-07	85	46	0.00	0.0
2015-08-08	84	51	0.12	0.0
2015-08-09	84	46	0.03	0.0
2015-08-10	84	46	0.00	0.0
2015-08-11	84	46	0.03	0.0
2015-08-12	79	52	0.00	0.0
2015-08-13	82	51	T	0.0
2015-08-14	84	51	T	0.0
2015-08-15	84	51	T	0.0
2015-08-16	84	52	T	0.0
2015-08-17	83	49	T	0.0
2015-08-18	83	46	0.01	0.0
2015-08-19	85	40	0.00	0.0
2015-08-20	85	40	0.00	0.0
2015-08-21	85	41	0.00	0.0
2015-08-22	78	45	0.00	0.0
2015-08-23	77	45	0.00	0.0
2015-08-24	81	46	0.00	0.0
2015-08-25	81	44	0.00	0.0
2015-08-26	80	50	0.00	0.0
2015-08-27	72	49	0.42	0.0
2015-08-28	72	49	0.02	0.0
2015-08-29	78	49	0.00	0.0
2015-08-30	80	46	0.00	0.0
2015-08-31	80	46	0.02	0.0
2015-09-01	74	47	0.03	0.0
2015-09-02	78	49	T	0.0
2015-09-03	78	51	0.13	0.0
2015-09-04	72	45	0.10	0.0
2015-09-05	72	45	0.17	0.0
2015-09-06	67	44	0.08	0.0
2015-09-07	74	43	0.00	0.0
2015-09-08	78	47	0.00	0.0
2015-09-09	76	41	T	0.0
2015-09-10	77	43	0.00	0.0
2015-09-11	79	44	0.00	0.0
2015-09-12	79	42	0.00	0.0
2015-09-13	80	42	0.00	0.0
2015-09-14	82	42	0.00	0.0
2015-09-15	75	46	0.01	0.0
2015-09-16	75	43	0.00	0.0
2015-09-17	75	42	0.00	0.0
2015-09-18	76	38	0.00	0.0
2015-09-19	75	36	0.00	0.0
2015-09-20	77	37	T	0.0
2015-09-21	77	37	0.00	0.0
2015-09-22	78	39	0.00	0.0
2015-09-23	74	48	0.12	0.0
2015-09-24	74	45	0.01	0.0
2015-09-25	76	41	0.00	0.0
2015-09-26	80	43	0.00	0.0
2015-09-27	80	42	0.00	0.0
2015-09-28	80	46	0.00	0.0
2015-09-29	76	45	0.00	0.0
2015-09-30	77	45	T	0.0
2015-10-01	73	42	0.02	0.0
2015-10-02	77	45	0.00	0.0
2015-10-03	70	33	T	0.0
2015-10-04	73	33	0.00	0.0
2015-10-05	64	35	0.05	0.0
2015-10-06	63	36	0.14	0.0
2015-10-07	65	36	0.00	0.0
2015-10-08	66	36	T	0.0
2015-10-09	68	38	0.00	0.0
2015-10-10	71	37	0.00	0.0
2015-10-11	73	37	0.00	0.0
2015-10-12	76	38	0.00	0.0
2015-10-13	76	37	0.00	0.0
2015-10-14	75	36	0.00	0.0
2015-10-15	73	36	0.00	0.0
2015-10-16	66	34	0.00	0.0
2015-10-17	65	34	T	0.0
2015-10-18	66	38	0.00	0.0
2015-10-19	63	34	0.02	0.0
2015-10-20	60	32	0.02	0.0
2015-10-21	47	39	0.08	0.0
2015-10-22	54	32	0.72	0.0
2015-10-23	55	33	0.02	0.0
2015-10-24	57	31	0.04	0.0
2015-10-25	57	30	0.00	0.0
2015-10-26	M	30	0.00	0.0
2015-10-27	60	28	0.02	0.0
2015-10-28	51	28	0.00	0.0
2015-10-29	51	31	0.00	0.0
2015-10-30	52	26	0.04	0.0
2015-10-31	58	26	T	0.0
2015-11-01	60	20	0.00	0.0
2015-11-02	60	20	0.00	0.0
2015-11-03	65	24	0.00	0.0
2015-11-04	65	24	0.00	0.0
2015-11-05	65	22	T	T
2015-11-06	46	19	0.00	0.0
2015-11-07	46	19	0.00	0.0
2015-11-08	45	17	0.00	0.0
2015-11-09	45	17	0.00	0.0
2015-11-10	49	18	0.00	0.0
2015-11-11	53	20	T	T
2015-11-12	46	14	0.00	0.0
2015-11-13	46	17	0.00	0.0
2015-11-14	51	21	0.00	0.0
2015-11-15	51	18	0.00	0.0
2015-11-16	51	18	0.20	2.7
2015-11-17	41	28	0.02	0.3
2015-11-18	41	14	0.00	0.0
2015-11-19	44	14	0.00	0.0
2015-11-20	44	14	0.00	0.0
2015-11-21	53	14	0.00	0.0
2015-11-22	53	14	0.00	0.0
2015-11-23	47	19	0.00	0.0
2015-11-24	47	17	0.00	0.0
2015-11-25	49	18	0.00	0.0
2015-11-26	55	18	T	0.0
2015-11-27	55	18	T	0.1
2015-11-28	39	19	0.00	0.0
2015-11-29	41	18	0.00	0.0
2015-11-30	41	18	T	T
2015-12-01	34	6	0.00	0.0
2015-12-02	37	6	0.00	0.0
2015-12-03	40	13	0.00	0.0
2015-12-04	43	15	0.00	0.0
2015-12-05	45	15	0.00	0.0
2015-12-06	44	13	0.00	0.0
2015-12-07	41	15	0.00	0.0
2015-12-08	46	16	0.00	0.0
2015-12-09	51	17	0.00	0.0
2015-12-10	49	19	0.00	0.0
2015-12-11	52	23	0.00	0.0
2015-12-12	49	29	0.14	1.9
2015-12-13	49	22	0.03	0.5
2015-12-14	46	13	0.00	0.0
2015-12-15	46	14	0.02	0.4
2015-12-16	29	7	0.00	0.0
2015-12-17	29	6	0.00	0.0
2015-12-18	29	7	0.00	0.0
2015-12-19	35	8	0.00	0.0
2015-12-20	39	12	0.00	0.0
2015-12-21	39	11	0.00	0.0
2015-12-22	40	11	0.00	0.0
2015-12-23	43	11	0.00	0.0
2015-12-24	37	5	0.00	0.0
2015-12-25	29	2	0.16	3.0
2015-12-26	29	-2	0.16	2.3
2015-12-27	29	-1	0.00	0.0
2015-12-28	31	4	0.00	0.0
2015-12-29	23	1	0.00	0.0
2015-12-30	24	4	0.00	0.0
2015-12-31	24	-1	0.00	0.0
2016-01-01	26	-0	0.00	0.0
2016-01-02	24	3	0.00	0.0
2016-01-03	25	6	0.00	0.0
2016-01-04	31	8	0.00	0.0
2016-01-05	32	9	0.02	0.4
2016-01-06	33	13	0.00	0.0
2016-01-07	33	13	T	T
2016-01-08	33	13	0.06	1.2
2016-01-09	28	-0	0.38	4.4
2016-01-10	11	-2	0.00	0.0
2016-01-11	11	-2	0.00	0.0
2016-01-12	19	-5	0.00	0.0
2016-01-13	19	-3	0.00	0.0
2016-01-14	28	-1	0.00	0.0
2016-01-15	27	2	0.00	0.0
2016-01-16	24	6	0.00	0.0
2016-01-17	25	5	0.00	0.0
2016-01-18	32	7	0.00	0.0
2016-01-19	29	9	0.00	0.0
2016-01-20	34	10	0.00	0.0
2016-01-21	37	9	0.01	T
2016-01-22	26	6	0.00	0.0
2016-01-23	31	8	0.00	0.0
2016-01-24	32	8	0.00	0.0
2016-01-25	36	6	0.00	M
2016-01-26	37	6	0.00	0.0
2016-01-27	27	3	0.00	0.0
2016-01-28	30	4	0.00	0.0
2016-01-29	38	7	0.00	0.0
2016-01-30	40	10	0.00	0.0
2016-01-31	46	17	0.14	1.8
2016-02-01	38	26	0.14	1.8
2016-02-02	31	16	0.01	0.2
2016-02-03	26	4	T	T
2016-02-04	22	-1	0.00	0.0
2016-02-05	19	-1	0.00	0.0
2016-02-06	32	4	0.00	0.0
2016-02-07	31	6	0.00	0.0
2016-02-08	41	6	0.00	0.0
2016-02-09	43	13	0.00	0.0
2016-02-10	41	16	0.00	0.0
2016-02-11	42	19	0.00	0.0
2016-02-12	46	22	0.00	0.0
2016-02-13	50	19	0.00	0.0
2016-02-14	52	22	0.00	0.0
2016-02-15	48	21	0.00	0.0
2016-02-16	46	21	0.00	0.0
2016-02-17	49	21	0.00	0.0
2016-02-18	52	25	0.00	0.0
2016-02-19	54	26	0.00	0.0
2016-02-20	55	26	0.00	0.0
2016-02-21	59	25	0.00	0.0
2016-02-22	53	23	0.00	0.0
2016-02-23	52	23	0.15	2.5
2016-02-24	33	12	T	T
2016-02-25	37	14	0.00	0.0
2016-02-26	47	21	0.00	0.0
2016-02-27	53	25	0.00	0.0
2016-02-28	55	27	0.00	0.0
2016-02-29	55	25	0.00	0.0
2016-03-01	56	26	0.00	0.0
2016-03-02	56	27	0.00	0.0
2016-03-03	56	23	0.00	0.0
2016-03-04	57	25	0.00	0.0
2016-03-05	62	26	0.00	0.0
2016-03-06	62	26	0.00	0.0
2016-03-07	62	26	T	T
2016-03-08	46	20	0.00	0.0
2016-03-09	47	19	0.00	0.0
2016-03-10	50	19	0.00	0.0
2016-03-11	60	25	0.00	0.0
2016-03-12	63	27	0.00	0.0
2016-03-13	57	25	0.00	0.0
2016-03-14	56	26	0.00	0.0
2016-03-15	56	25	0.00	0.0
2016-03-16	48	19	0.00	0.0
2016-03-17	53	16	0.00	0.0
2016-03-18	57	18	0.00	0.0
2016-03-19	58	17	0.00	0.0
2016-03-20	56	16	0.00	0.0
2016-03-21	58	15	0.00	0.0
2016-03-22	65	25	0.00	0.0
2016-03-23	65	25	0.00	0.0
2016-03-24	65	20	0.00	0.0
2016-03-25	50	20	0.00	0.0
2016-03-26	51	23	0.06	0.6
2016-03-27	51	5	0.49	5.5
2016-03-28	34	5	0.00	0.0
2016-03-29	54	20	0.00	0.0
2016-03-30	54	19	0.00	0.0
2016-03-31	52	19	0.00	0.0
2016-04-01	41	15	0.05	1.3
2016-04-02	45	15	0.00	0.0
2016-04-03	55	26	0.00	0.0
2016-04-04	63	31	0.00	0.0
2016-04-05	66	30	0.00	0.0
2016-04-06	64	22	0.00	0.0
2016-04-07	65	22	0.00	0.0
2016-04-08	69	32	0.00	0.0
2016-04-09	58	31	0.00	0.0
2016-04-10	61	34	0.00	0.0
2016-04-11	63	34	0.00	0.0
2016-04-12	57	33	T	0.0
2016-04-13	60	31	0.00	0.0
2016-04-14	62	31	0.00	0.0
2016-04-15	67	32	0.00	0.0
2016-04-16	59	31	0.72	6.8
2016-04-17	33	16	0.27	3.0
2016-04-18	38	19	0.20	2.1
2016-04-19	36	22	0.04	0.5
2016-04-20	42	24	0.00	0.0
2016-04-21	54	30	T	0.0
2016-04-22	60	32	0.00	0.0
2016-04-23	69	32	0.00	0.0
2016-04-24	64	32	T	0.0
2016-04-25	63	29	0.00	0.0
2016-04-26	61	26	T	0.0
2016-04-27	61	26	T	0.0
2016-04-28	58	30	0.00	0.0
2016-04-29	55	32	0.33	2.1
2016-04-30	55	24	0.24	2.0
2016-05-01	55	24	0.01	0.3
2016-05-02	44	28	0.03	T
2016-05-03	55	29	T	0.0
2016-05-04	61	30	0.00	0.0
2016-05-05	68	33	0.00	0.0
2016-05-06	71	36	0.00	0.0
2016-05-07	73	36	0.00	0.0
2016-05-08	73	30	0.00	0.0
2016-05-09	57	38	T	T
2016-05-10	65	33	0.00	0.0
2016-05-11	67	33	0.05	0.0
2016-05-12	51	31	T	0.0
2016-05-13	66	34	0.00	0.0
2016-05-14	73	35	0.00	0.0
2016-05-15	74	43	0.01	0.0
2016-05-16	74	34	T	0.0
2016-05-17	62	34	0.10	T
2016-05-18	52	35	0.30	0.0
2016-05-19	55	37	0.02	0.0
2016-05-20	62	35	0.00	0.0
2016-05-21	70	35	0.00	0.0
2016-05-22	72	35	0.00	0.0
2016-05-23	68	33	0.00	0.0
2016-05-24	66	35	0.00	0.0
2016-05-25	68	35	0.00	0.0
2016-05-26	67	37	0.00	0.0
2016-05-27	59	35	0.31	0.0
2016-05-28	57	34	T	0.0
2016-05-29	62	38	0.00	0.0
2016-05-30	64	39	T	0.0
2016-05-31	73	39	0.00	0.0
2016-06-01	73	38	0.00	0.0
2016-06-02	73	38	0.00	0.0
2016-06-03	76	46	0.00	0.0
2016-06-04	79	45	0.00	0.0
2016-06-05	79	45	T	0.0
2016-06-06	77	45	0.01	0.0
2016-06-07	73	43	0.00	0.0
2016-06-08	82	41	0.00	0.0
2016-06-09	73	46	0.00	0.0
2016-06-10	83	48	0.00	0.0
2016-06-11	83	47	0.00	0.0
2016-06-12	81	49	0.00	0.0
2016-06-13	78	47	0.01	0.0
2016-06-14	79	38	0.00	0.0
2016-06-15	79	38	0.00	0.0
2016-06-16	82	41	0.00	0.0
2016-06-17	80	46	0.00	0.0
2016-06-18	83	46	0.00	0.0
2016-06-19	86	48	0.00	0.0
2016-06-20	89	49	0.00	0.0
2016-06-21	89	54	0.00	0.0
2016-06-22	82	52	T	0.0
2016-06-23	83	50	0.00	0.0
2016-06-24	83	50	0.02	0.0
2016-06-25	78	49	T	0.0
2016-06-26	78	46	0.00	0.0
2016-06-27	81	47	0.00	0.0
2016-06-28	85	52	T	0.0
2016-06-29	76	48	0.00	0.0
2016-06-30	79	47	T	0.0
2016-07-01	76	54	0.23	0.0
2016-07-02	72	49	0.32	0.0
2016-07-03	70	49	0.05	0.0
2016-07-04	74	46	0.01	0.0
2016-07-05	78	45	0.00	0.0
2016-07-06	83	50	0.00	0.0
2016-07-07	84	45	0.00	0.0
2016-07-08	85	47	0.00	0.0
2016-07-09	83	47	0.00	0.0
2016-07-10	88	52	0.00	0.0
2016-07-11	88	46	0.00	0.0
2016-07-12	84	46	0.00	0.0
2016-07-13	84	49	0.00	0.0
2016-07-14	87	51	0.00	0.0
2016-07-15	84	48	0.00	0.0
2016-07-16	82	45	0.00	0.0
2016-07-17	87	50	0.00	0.0
2016-07-18	88	50	0.00	0.0
2016-07-19	88	50	0.04	0.0
2016-07-20	77	51	T	0.0
2016-07-21	82	51	0.22	0.0
2016-07-22	85	52	0.02	0.0
2016-07-23	81	54	T	0.0
2016-07-24	87	53	0.08	0.0
2016-07-25	82	50	0.00	0.0
2016-07-26	86	53	0.00	0.0
2016-07-27	78	52	0.00	0.0
2016-07-28	86	52	0.00	0.0
2016-07-29	87	49	0.00	0.0
2016-07-30	88	49	0.00	0.0
2016-07-31	75	46	0.00	0.0
2016-08-01	79	53	0.13	0.0
2016-08-02	82	52	0.40	0.0
2016-08-03	82	55	T	0.0
2016-08-04	82	54	0.00	0.0
2016-08-05	74	52	0.40	0.0
2016-08-06	66	53	0.26	0.0
2016-08-07	73	49	0.14	0.0
2016-08-08	77	49	0.00	0.0
2016-08-09	76	47	0.00	0.0
2016-08-10	81	50	0.00	0.0
2016-08-11	81	48	0.11	0.0
2016-08-12	75	49	T	0.0
2016-08-13	79	46	0.00	0.0
2016-08-14	75	45	0.00	0.0
2016-08-15	78	44	0.00	0.0
2016-08-16	80	48	0.00	0.0
2016-08-17	74	46	0.00	0.0
2016-08-18	75	44	0.00	0.0
2016-08-19	72	46	0.31	0.0
2016-08-20	73	42	0.01	0.0
2016-08-21	73	41	0.00	0.0
2016-08-22	75	43	0.00	0.0
2016-08-23	75	43	0.00	0.0
2016-08-24	71	45	0.06	0.0
2016-08-25	64	42	T	0.0
2016-08-26	69	43	0.09	0.0
2016-08-27	67	42	T	0.0
2016-08-28	72	42	0.51	0.0
2016-08-29	70	45	0.08	0.0
2016-08-30	70	42	T	0.0
2016-08-31	71	43	T	0.0
2016-09-01	75	43	T	0.0
2016-09-02	76	46	0.03	0.0
2016-09-03	73	47	0.31	0.0
2016-09-04	76	45	T	0.0
2016-09-05	74	37	0.00	0.0
2016-09-06	77	37	0.00	0.0
2016-09-07	77	41	0.00	0.0
2016-09-08	75	45	0.00	0.0
2016-09-09	80	43	0.00	0.0
2016-09-10	79	37	0.00	0.0
2016-09-11	77	39	0.00	0.0
2016-09-12	72	41	0.03	0.0
2016-09-13	74	38	0.00	0.0
2016-09-14	70	38	T	0.0
2016-09-15	67	37	0.08	0.0
2016-09-16	71	34	0.00	0.0
2016-09-17	72	33	0.00	0.0
2016-09-18	74	33	0.00	0.0
2016-09-19	76	33	0.00	0.0
2016-09-20	80	41	0.00	0.0
2016-09-21	77	45	0.00	0.0
2016-09-22	77	45	0.04	0.0
2016-09-23	74	41	0.07	0.0
2016-09-24	67	27	0.00	0.0
2016-09-25	66	28	0.00	0.0
2016-09-26	71	33	0.00	0.0
2016-09-27	71	33	0.00	0.0
2016-09-28	73	33	0.00	0.0
2016-09-29	75	33	0.00	0.0
2016-09-30	72	42	0.00	0.0
2016-10-01	68	40	0.05	0.0
2016-10-02	70	39	0.00	0.0
2016-10-03	70	40	0.02	0.0
2016-10-04	65	27	0.00	0.0
2016-10-05	65	25	0.00	0.0
2016-10-06	60	26	0.00	0.0
2016-10-07	57	23	0.00	0.0
2016-10-08	60	24	0.00	0.0
2016-10-09	63	26	0.00	0.0
2016-10-10	57	32	0.00	0.0
2016-10-11	67	33	T	0.0
2016-10-12	67	29	0.00	0.0
2016-10-13	67	31	0.00	0.0
2016-10-14	69	32	0.00	0.0
2016-10-15	74	32	0.00	0.0
2016-10-16	74	35	0.00	0.0
2016-10-17	70	35	0.00	0.0
2016-10-18	70	31	0.00	0.0
2016-10-19	M	M	0.00	0.0
2016-10-20	M	23	0.00	0.0
2016-10-21	58	24	0.00	0.0
2016-10-22	64	25	0.00	0.0
2016-10-23	70	25	0.00	0.0
2016-10-24	69	36	0.00	0.0
2016-10-25	66	35	0.00	0.0
2016-10-26	64	33	T	0.0
2016-10-27	64	29	0.00	0.0
2016-10-28	66	31	0.00	0.0
2016-10-29	66	33	0.00	0.0
2016-10-30	69	36	0.00	0.0
2016-10-31	69	35	0.00	0.0
2016-11-01	66	32	0.00	0.0
2016-11-02	63	30	0.00	0.0
2016-11-03	59	31	0.00	0.0
2016-11-04	61	31	0.00	0.0
2016-11-05	59	30	0.07	0.0
2016-11-06	50	33	0.01	0.0
2016-11-07	57	31	0.00	0.0
2016-11-08	58	26	0.00	0.0
2016-11-09	58	25	0.00	0.0
2016-11-10	59	25	0.00	0.0
2016-11-11	62	27	0.00	0.0
2016-11-12	56	23	0.00	0.0
2016-11-13	58	27	0.00	0.0
2016-11-14	58	30	0.00	0.0
2016-11-15	62	23	0.00	0.0
2016-11-16	64	25	0.00	0.0
2016-11-17	45	14	0.00	0.0
2016-11-18	64	14	T	T
2016-11-19	39	13	0.00	0.0
2016-11-20	46	17	0.00	0.0
2016-11-21	52	17	0.00	0.0
2016-11-22	49	33	0.15	0.0
2016-11-23	47	22	0.00	0.0
2016-11-24	43	21	0.00	0.0
2016-11-25	48	15	0.00	0.0
2016-11-26	42	16	0.00	0.0
2016-11-27	41	16	0.25	3.0
2016-11-28	35	13	0.00	0.0
2016-11-29	34	8	0.00	0.0
2016-11-30	32	8	0.00	0.0
2016-12-01	32	8	0.00	0.0
2016-12-02	32	8	0.00	0.0
2016-12-03	28	9	T	T
2016-12-04	32	7	0.00	0.0
2016-12-05	33	9	0.00	0.0
2016-12-06	39	6	0.00	0.0
2016-12-07	38	7	T	T
2016-12-08	26	2	0.04	0.7
2016-12-09	26	3	0.00	0.0
2016-12-10	37	10	0.00	0.0
2016-12-11	46	11	0.00	0.0
2016-12-12	49	25	0.00	0.0
2016-12-13	49	25	0.00	0.0
2016-12-14	45	20	0.00	0.0
2016-12-15	51	24	0.00	0.0
2016-12-16	55	25	0.00	0.0
2016-12-17	48	29	0.41	1.2
2016-12-18	32	5	T	0.0
2016-12-19	24	5	0.00	0.0
2016-12-20	24	5	0.00	0.0
2016-12-21	31	6	0.00	0.0
2016-12-22	39	6	0.00	0.0
2016-12-23	32	18	0.19	2.4
2016-12-24	30	18	0.00	0.0
2016-12-25	27	18	0.03	0.6
2016-12-26	27	8	0.00	0.0
2016-12-27	27	5	0.00	0.0
2016-12-28	24	4	0.00	0.0
2016-12-29	31	7	0.00	0.0
2016-12-30	35	7	0.00	0.0
2016-12-31	27	7	0.00	0.0
2017-01-01	28	9	T	T
2017-01-02	27	14	T	T
2017-01-03	27	9	0.00	0.0
2017-01-04	29	9	0.00	0.0
2017-01-05	40	9	T	T
2017-01-06	42	4	0.51	7.6
2017-01-07	14	-3	0.00	0.0
2017-01-08	13	-1	0.00	0.0
2017-01-09	23	3	0.00	0.0
2017-01-10	41	3	0.02	0.0
2017-01-11	41	3	0.00	0.0
2017-01-12	39	22	0.00	0.0
2017-01-13	26	19	0.00	0.0
2017-01-14	35	24	0.02	0.3
2017-01-15	40	25	T	T
2017-01-16	38	29	0.17	3.3
2017-01-17	34	24	0.10	1.0
2017-01-18	29	14	0.00	0.0
2017-01-19	23	12	0.00	0.0
2017-01-20	36	15	0.07	0.7
2017-01-21	30	11	0.00	0.0
2017-01-22	29	15	0.04	0.4
2017-01-23	39	11	0.00	0.0
2017-01-24	39	11	0.13	1.5
2017-01-25	29	11	T	T
2017-01-26	28	2	T	T
2017-01-27	18	2	0.00	0.0
2017-01-28	15	-2	0.00	0.0
2017-01-29	24	-1	0.00	0.0
2017-01-30	28	6	0.00	0.0
2017-01-31	32	7	0.00	0.0
2017-02-01	32	8	0.00	0.0
2017-02-02	35	8	0.00	0.0
2017-02-03	43	13	0.00	0.0
2017-02-04	34	16	0.00	0.0
2017-02-05	37	14	0.00	0.0
2017-02-06	43	14	0.00	0.0
2017-02-07	42	18	0.00	0.0
2017-02-08	45	21	0.00	0.0
2017-02-09	50	22	0.00	0.0
2017-02-10	47	23	0.00	0.0
2017-02-11	59	24	0.00	0.0
2017-02-12	53	32	0.00	0.0
2017-02-13	41	32	0.12	0.9
2017-02-14	35	17	0.32	3.5
2017-02-15	38	19	0.00	0.0
2017-02-16	37	18	0.00	0.0
2017-02-17	42	23	0.00	0.0
2017-02-18	44	26	0.00	0.0
2017-02-19	47	27	0.00	0.0
2017-02-20	46	27	0.01	0.1
2017-02-21	49	24	0.00	0.0
2017-02-22	56	24	0.00	0.0
2017-02-23	52	29	0.04	0.9
2017-02-24	34	14	0.00	0.0
2017-02-25	31	9	T	T
2017-02-26	33	14	0.00	0.0
2017-02-27	37	15	0.00	0.0
2017-02-28	41	15	0.07	0.8
2017-03-01	39	8	0.03	0.3
2017-03-02	34	12	0.00	0.0
2017-03-03	40	17	0.00	0.0
2017-03-04	48	19	0.00	0.0
2017-03-05	54	23	0.00	0.0
2017-03-06	54	29	0.01	M
2017-03-07	36	14	T	T
2017-03-08	44	18	0.00	0.0
2017-03-09	55	22	0.00	0.0
2017-03-10	61	29	0.00	0.0
2017-03-11	64	31	0.00	0.0
2017-03-12	61	24	0.00	0.0
2017-03-13	61	23	0.00	0.0
2017-03-14	60	24	0.00	0.0
2017-03-15	65	29	0.00	0.0
2017-03-16	69	31	0.00	0.0
2017-03-17	68	34	0.00	0.0
2017-03-18	69	33	0.00	0.0
2017-03-19	69	32	0.00	0.0
2017-03-20	70	32	0.00	0.0
2017-03-21	68	31	0.00	0.0
2017-03-22	67	31	0.00	0.0
2017-03-23	67	31	0.00	0.0
2017-03-24	58	33	0.04	0.5
2017-03-25	55	24	0.00	0.0
2017-03-26	58	27	0.02	0.0
2017-03-27	58	25	0.00	0.0
2017-03-28	58	25	0.00	0.0
2017-03-29	54	29	0.25	0.0
2017-03-30	54	29	0.00	0.0
2017-03-31	60	30	0.00	0.0
2017-04-01	55	29	0.29	3.8
2017-04-02	47	29	0.02	T
2017-04-03	54	29	T	0.0
2017-04-04	49	29	0.62	7.8
2017-04-05	35	13	0.34	3.6
2017-04-06	37	16	0.00	0.0
2017-04-07	51	24	0.00	0.0
2017-04-08	64	29	0.00	0.0
2017-04-09	62	37	0.00	0.0
2017-04-10	53	21	0.00	0.0
2017-04-11	55	23	0.00	0.0
2017-04-12	61	27	0.00	0.0
2017-04-13	67	32	0.00	0.0
2017-04-14	69	32	0.00	0.0
2017-04-15	68	31	0.00	0.0
2017-04-16	65	30	0.00	0.0
2017-04-17	68	33	0.00	0.0
2017-04-18	69	34	0.00	0.0
2017-04-19	70	38	0.00	0.0
2017-04-20	66	31	0.00	0.0
2017-04-21	66	31	0.00	0.0
2017-04-22	66	25	0.00	0.0
2017-04-23	66	25	0.00	0.0
2017-04-24	69	31	0.00	0.0
2017-04-25	64	37	0.00	0.0
2017-04-26	64	29	0.14	T
2017-04-27	51	33	0.00	0.0
2017-04-28	55	23	0.04	M
2017-04-29	48	26	0.00	0.0
2017-04-30	39	24	T	T
2017-05-01	57	30	0.00	0.0
2017-05-02	60	29	0.00	0.0
2017-05-03	65	31	T	0.0
2017-05-04	65	31	0.00	0.0
2017-05-05	71	38	0.00	0.0
2017-05-06	74	38	0.00	0.0
2017-05-07	72	42	T	0.0
2017-05-08	68	33	0.04	0.0
2017-05-09	72	39	T	0.0
2017-05-10	56	32	0.39	0.0
2017-05-11	57	32	0.25	0.0
2017-05-12	62	32	0.00	0.0
2017-05-13	71	42	0.00	0.0
2017-05-14	71	38	0.00	0.0
2017-05-15	71	37	0.00	0.0
2017-05-16	70	38	0.00	0.0
2017-05-17	62	32	0.00	0.0
2017-05-18	57	36	T	0.0
2017-05-19	51	25	0.00	0.0
2017-05-20	51	27	T	0.0
2017-05-21	61	31	0.00	0.0
2017-05-22	63	35	T	0.0
2017-05-23	67	33	T	0.0
2017-05-24	66	33	0.00	0.0
2017-05-25	77	33	0.00	0.0
2017-05-26	73	36	0.00	0.0
2017-05-27	72	35	0.00	0.0
2017-05-28	68	34	T	0.0
2017-05-29	66	37	0.00	0.0
2017-05-30	69	36	0.00	0.0
2017-05-31	71	38	0.00	0.0
2017-06-01	71	38	0.00	0.0
2017-06-02	69	41	0.08	0.0
2017-06-03	73	42	0.00	0.0
2017-06-04	73	42	0.00	0.0
2017-06-05	77	45	T	0.0
2017-06-06	78	47	0.00	0.0
2017-06-07	78	47	T	0.0
2017-06-08	74	44	T	0.0
2017-06-09	77	47	0.00	0.0
2017-06-10	81	47	0.00	0.0
2017-06-11	82	51	0.00	0.0
2017-06-12	80	45	0.00	0.0
2017-06-13	78	48	0.00	0.0
2017-06-14	71	37	0.00	0.0
2017-06-15	M	M	0.00	0.0
2017-06-16	83	49	0.00	0.0
2017-06-17	M	M	0.00	0.0
2017-06-18	86	51	0.00	0.0
2017-06-19	86	51	0.00	0.0
2017-06-20	86	52	0.00	0.0
2017-06-21	87	53	0.00	0.0
2017-06-22	86	54	0.00	0.0
2017-06-23	87	52	T	0.0
2017-06-24	88	41	0.00	0.0
2017-06-25	83	46	0.00	0.0
2017-06-26	83	46	0.00	0.0
2017-06-27	81	44	0.02	0.0
2017-06-28	84	44	0.00	0.0
2017-06-29	85	46	0.00	0.0
2017-06-30	85	44	0.00	0.0
2017-07-01	76	42	T	0.0
2017-07-02	78	44	T	0.0
2017-07-03	74	49	T	0.0
2017-07-04	79	52	T	0.0
2017-07-05	84	50	0.00	0.0
2017-07-06	85	51	0.00	0.0
2017-07-07	85	51	0.00	0.0
2017-07-08	82	51	0.00	0.0
2017-07-09	82	47	0.08	0.0
2017-07-10	82	50	0.00	0.0
2017-07-11	83	48	0.00	0.0
2017-07-12	81	56	T	0.0
2017-07-13	74	50	0.10	0.0
2017-07-14	78	49	0.02	0.0
2017-07-15	76	50	0.16	0.0
2017-07-16	84	49	0.04	0.0
2017-07-17	84	49	0.02	0.0
2017-07-18	82	53	0.00	0.0
2017-07-19	84	53	0.10	0.0
2017-07-20	83	55	0.01	0.0
2017-07-21	84	52	0.02	0.0
2017-07-22	84	56	0.00	0.0
2017-07-23	74	51	T	0.0
2017-07-24	82	52	0.00	0.0
2017-07-25	78	57	T	0.0
2017-07-26	80	50	0.02	0.0
2017-07-27	80	54	T	0.0
2017-07-28	81	55	0.01	0.0
2017-07-29	81	57	0.62	0.0
2017-07-30	73	55	0.24	0.0
2017-07-31	73	52	0.21	0.0
2017-08-01	75	54	0.05	0.0
2017-08-02	77	48	0.00	0.0
2017-08-03	82	50	0.14	0.0
2017-08-04	67	45	0.11	0.0
2017-08-05	69	48	0.03	0.0
2017-08-06	71	47	T	0.0
2017-08-07	74	46	T	0.0
2017-08-08	72	45	0.15	0.0
2017-08-09	72	46	0.02	0.0
2017-08-10	61	47	0.18	0.0
2017-08-11	77	48	0.01	0.0
2017-08-12	72	46	T	0.0
2017-08-13	77	47	0.22	0.0
2017-08-14	72	49	0.01	0.0
2017-08-15	78	47	0.21	0.0
2017-08-16	74	45	0.00	0.0
2017-08-17	74	45	T	0.0
2017-08-18	77	47	0.00	0.0
2017-08-19	80	46	0.00	0.0
2017-08-20	83	49	0.00	0.0
2017-08-21	79	47	T	0.0
2017-08-22	78	48	0.09	0.0
2017-08-23	73	45	0.36	0.0
2017-08-24	77	46	T	0.0
2017-08-25	74	45	0.06	0.0
2017-08-26	77	46	0.00	0.0
2017-08-27	80	49	0.00	0.0
2017-08-28	68	48	T	0.0
2017-08-29	81	47	0.00	0.0
2017-08-30	81	46	0.00	0.0
2017-08-31	82	46	0.00	0.0
2017-09-01	77	47	0.00	0.0
2017-09-02	76	46	0.18	0.0
2017-09-03	79	46	0.00	0.0
2017-09-04	84	50	T	0.0
2017-09-05	84	50	T	0.0
2017-09-06	78	41	T	0.0
2017-09-07	79	44	T	0.0
2017-09-08	73	43	T	0.0
2017-09-09	78	44	0.00	0.0
2017-09-10	77	46	0.00	0.0
2017-09-11	77	46	T	0.0
2017-09-12	79	46	T	0.0
2017-09-13	78	48	0.00	0.0
2017-09-14	77	45	T	0.0
2017-09-15	78	44	0.32	0.0
2017-09-16	78	39	0.00	0.0
2017-09-17	70	39	0.00	0.0
2017-09-18	70	38	0.07	0.0
2017-09-19	72	37	0.00	0.0
2017-09-20	72	36	0.00	0.0
2017-09-21	73	36	0.00	0.0
2017-09-22	74	35	0.00	0.0
2017-09-23	74	35	0.04	0.0
2017-09-24	62	32	0.00	0.0
2017-09-25	63	32	0.00	0.0
2017-09-26	65	29	0.00	0.0
2017-09-27	63	30	T	0.0
2017-09-28	59	36	0.88	0.0
2017-09-29	56	38	0.02	0.0
2017-09-30	59	39	0.03	0.0
2017-10-01	59	39	0.56	0.0
2017-10-02	62	36	0.00	0.0
2017-10-03	62	31	0.00	0.0
2017-10-04	70	31	0.00	0.0
2017-10-05	70	31	0.05	0.0
2017-10-06	69	35	0.00	0.0
2017-10-07	63	26	0.00	0.0
2017-10-08	63	26	0.00	0.0
2017-10-09	70	26	0.00	0.0
2017-10-10	43	16	0.12	0.0
2017-10-11	49	16	0.00	0.0
2017-10-12	59	17	0.00	0.0
2017-10-13	M	M	0.00	0.0
2017-10-14	M	M	0.00	0.0
2017-10-15	65	28	0.00	0.0
2017-10-16	66	30	0.00	0.0
2017-10-17	67	33	0.00	0.0
2017-10-18	65	35	0.00	0.0
2017-10-19	64	38	0.00	0.0
2017-10-20	55	31	0.00	0.0
2017-10-21	59	21	0.00	0.0
2017-10-22	68	29	0.00	0.0
2017-10-23	63	30	0.00	0.0
2017-10-24	68	21	0.00	0.0
2017-10-25	63	27	0.00	0.0
2017-10-26	62	27	0.00	0.0
2017-10-27	60	21	0.00	0.0
2017-10-28	55	21	0.00	0.0
2017-10-29	59	24	0.00	0.0
2017-10-30	59	24	0.00	0.0
2017-10-31	59	24	T	T
2017-11-01	56	29	T	T
2017-11-02	64	27	0.00	0.0
2017-11-03	64	32	0.00	0.0
2017-11-04	61	29	0.00	0.0
2017-11-05	55	41	0.00	0.0
2017-11-06	55	33	0.00	0.0
2017-11-07	53	35	0.04	0.0
2017-11-08	53	26	0.10	2.6
2017-11-09	47	27	0.00	0.0
2017-11-10	50	22	0.00	0.0
2017-11-11	58	25	0.00	0.0
2017-11-12	51	23	0.00	0.0
2017-11-13	51	25	0.00	0.0
2017-11-14	57	26	0.00	0.0
2017-11-15	63	26	0.00	0.0
2017-11-16	53	20	0.00	0.0
2017-11-17	61	21	0.00	0.0
2017-11-18	54	16	T	T
2017-11-19	40	16	0.00	0.0
2017-11-20	45	16	0.00	0.0
2017-11-21	49	20	0.00	0.0
2017-11-22	56	28	0.00	0.0
2017-11-23	61	31	0.00	0.0
2017-11-24	55	22	0.00	0.0
2017-11-25	63	25	0.00	0.0
2017-11-26	58	29	0.00	0.0
2017-11-27	59	27	0.00	0.0
2017-11-28	63	27	0.00	0.0
2017-11-29	63	18	0.00	0.0
2017-11-30	45	17	0.00	0.0
2017-12-01	44	19	0.00	0.0
2017-12-02	53	19	0.00	0.0
2017-12-03	52	21	0.00	0.0
2017-12-04	54	21	0.00	0.0
2017-12-05	40	9	0.00	0.0
2017-12-06	37	9	0.00	0.0
2017-12-07	38	8	0.00	0.0
2017-12-08	34	10	0.00	0.0
2017-12-09	49	21	0.00	0.0
2017-12-10	48	16	0.00	0.0
2017-12-11	46	13	0.00	0.0
2017-12-12	48	14	0.00	0.0
2017-12-13	49	16	0.00	0.0
2017-12-14	49	16	0.05	0.7
2017-12-15	34	8	0.06	0.5
2017-12-16	34	12	0.00	0.0
2017-12-17	40	12	0.00	0.0
2017-12-18	40	15	0.00	0.0
2017-12-19	41	16	0.00	0.0
2017-12-20	47	13	0.00	0.0
2017-12-21	49	12	0.00	0.0
2017-12-22	40	10	T	T
2017-12-23	40	10	0.00	0.0
2017-12-24	42	10	T	T
2017-12-25	42	10	0.00	0.0
2017-12-26	50	15	0.00	0.0
2017-12-27	44	16	0.00	0.0
2017-12-28	45	15	0.00	0.0
2017-12-29	50	15	0.00	0.0
2017-12-30	52	11	0.00	0.0
2017-12-31	60	12	0.00	0.0
2018-01-01	60	12	0.00	0.0
2018-01-02	60	12	0.00	0.0
2018-01-03	40	8	0.00	0.0
2018-01-04	43	14	0.00	0.0
2018-01-05	48	8	0.00	0.0
2018-01-06	44	17	0.00	0.0
2018-01-07	44	18	0.00	0.0
2018-01-08	50	16	0.00	0.0
2018-01-09	46	19	0.00	0.0
2018-01-10	56	19	0.00	0.0
2018-01-11	49	25	T	T
2018-01-12	42	12	0.00	0.0
2018-01-13	44	14	0.00	0.0
2018-01-14	42	15	0.00	0.0
2018-01-15	45	15	0.00	0.0
2018-01-16	41	8	0.00	0.0
2018-01-17	31	9	0.00	0.0
2018-01-18	41	10	0.00	0.0
2018-01-19	45	16	0.00	0.0
2018-01-20	47	15	0.00	0.0
2018-01-21	51	16	0.02	0.4
2018-01-22	31	12	0.00	0.0
2018-01-23	33	8	0.00	0.0
2018-01-24	36	8	0.00	0.0
2018-01-25	41	12	0.00	0.0
2018-01-26	41	14	0.00	0.0
2018-01-27	41	8	T	T
2018-01-28	36	8	0.00	0.0
2018-01-29	47	15	0.00	0.0
2018-01-30	49	15	0.00	0.0
2018-01-31	49	14	0.00	0.0
2018-02-01	61	20	0.00	0.0
2018-02-02	58	19	0.00	0.0
2018-02-03	54	17	0.00	0.0
2018-02-04	55	17	0.00	0.0
2018-02-05	56	17	0.00	0.0
2018-02-06	57	22	0.05	0.9
2018-02-07	57	16	0.04	0.9
2018-02-08	57	16	0.00	0.0
2018-02-09	50	21	0.00	0.0
2018-02-10	57	20	0.00	0.0
2018-02-11	57	8	0.04	1.0
2018-02-12	29	12	0.00	0.0
2018-02-13	30	16	0.19	2.9
2018-02-14	45	23	0.00	0.0
2018-02-15	48	23	T	T
2018-02-16	45	15	0.00	0.0
2018-02-17	40	17	0.00	0.0
2018-02-18	48	17	0.00	0.0
2018-02-19	49	20	0.00	0.0
2018-02-20	39	17	0.07	0.3
2018-02-21	28	6	0.00	0.0
2018-02-22	35	7	0.09	1.3
2018-02-23	34	9	0.00	0.0
2018-02-24	39	10	T	T
2018-02-25	33	12	0.00	0.0
2018-02-26	37	7	0.00	0.0
2018-02-27	47	9	0.00	0.0
2018-02-28	47	16	0.00	0.0
2018-03-01	47	16	0.00	0.0
2018-03-02	48	14	0.00	0.0
2018-03-03	54	16	0.00	0.0
2018-03-04	57	16	0.00	0.0
2018-03-05	48	12	0.00	0.0
2018-03-06	42	10	0.00	0.0
2018-03-07	48	11	0.00	0.0
2018-03-08	51	18	0.00	0.0
2018-03-09	58	22	0.00	0.0
2018-03-10	58	22	0.00	0.0
2018-03-11	56	21	0.00	0.0
2018-03-12	48	17	0.00	0.0
2018-03-13	54	17	0.00	0.0
2018-03-14	54	24	0.00	0.0
2018-03-15	61	26	0.00	0.0
2018-03-16	53	23	T	T
2018-03-17	53	17	0.00	0.0
2018-03-18	52	18	0.00	0.0
2018-03-19	52	17	0.00	0.0
2018-03-20	43	16	0.00	0.0
2018-03-21	48	17	0.00	0.0
2018-03-22	57	17	0.00	0.0
2018-03-23	67	17	0.00	0.0
2018-03-24	57	23	0.00	0.0
2018-03-25	59	25	0.00	0.0
2018-03-26	59	29	0.00	0.0
2018-03-27	55	29	0.13	1.7
2018-03-28	56	14	0.47	4.1
2018-03-29	45	14	T	T
2018-03-30	50	14	0.00	0.0
2018-03-31	60	25	0.00	0.0
2018-04-01	66	30	0.00	0.0
2018-04-02	62	35	0.00	0.0
2018-04-03	64	33	0.00	0.0
2018-04-04	64	20	0.00	0.0
2018-04-05	63	25	0.00	0.0
2018-04-06	62	30	0.00	0.0
2018-04-07	61	33	0.00	0.0
2018-04-08	70	38	0.03	0.0
2018-04-09	69	26	0.00	0.0
2018-04-10	70	24	0.00	0.0
2018-04-11	65	27	0.00	0.0
2018-04-12	70	33	0.00	0.0
2018-04-13	63	30	0.00	0.0
2018-04-14	63	25	0.00	0.0
2018-04-15	52	23	0.00	0.0
2018-04-16	61	25	0.00	0.0
2018-04-17	67	32	0.00	0.0
2018-04-18	55	19	0.00	0.0
2018-04-19	55	19	0.00	0.0
2018-04-20	67	25	0.05	T
2018-04-21	67	25	0.01	T
2018-04-22	56	31	0.00	0.0
2018-04-23	64	32	0.00	0.0
2018-04-24	69	34	0.00	0.0
2018-04-25	69	24	0.00	0.0
2018-04-26	69	24	0.00	0.0
2018-04-27	68	26	0.00	0.0
2018-04-28	69	29	0.00	0.0
2018-04-29	69	38	0.03	0.0
2018-04-30	69	35	0.00	0.0
2018-05-01	69	35	0.00	0.0
2018-05-02	60	41	0.00	0.0
2018-05-03	59	28	0.02	0.0
2018-05-04	55	31	0.00	0.0
2018-05-05	62	31	0.00	0.0
2018-05-06	68	38	0.00	0.0
2018-05-07	74	38	0.00	0.0
2018-05-08	76	38	0.00	0.0
2018-05-09	79	38	0.00	0.0
2018-05-10	77	41	T	0.0
2018-05-11	78	42	0.00	0.0
2018-05-12	78	42	0.00	0.0
2018-05-13	78	39	0.00	0.0
2018-05-14	70	36	0.00	0.0
2018-05-15	70	35	0.00	0.0
2018-05-16	72	35	0.00	0.0
2018-05-17	77	41	0.00	0.0
2018-05-18	76	39	0.00	0.0
2018-05-19	76	36	0.00	0.0
2018-05-20	67	35	T	0.0
2018-05-21	61	36	T	0.0
2018-05-22	63	36	0.31	0.0
2018-05-23	70	38	0.00	0.0
2018-05-24	74	39	0.00	0.0
2018-05-25	77	42	0.00	0.0
2018-05-26	81	41	0.00	0.0
2018-05-27	81	41	0.00	0.0
2018-05-28	79	38	0.00	0.0
2018-05-29	75	39	T	0.0
2018-05-30	75	39	0.00	0.0
2018-05-31	75	41	0.01	0.0
2018-06-01	79	48	0.00	0.0
2018-06-02	78	42	0.00	0.0
2018-06-03	79	44	0.00	0.0
2018-06-04	57	38	0.58	0.0
2018-06-05	75	38	0.00	0.0
2018-06-06	83	38	0.00	0.0
2018-06-07	81	48	0.00	0.0
2018-06-08	83	48	0.00	0.0
2018-06-09	82	45	0.00	0.0
2018-06-10	83	44	0.00	0.0
2018-06-11	82	44	0.00	0.0
2018-06-12	84	45	0.00	0.0
2018-06-13	84	47	0.00	0.0
2018-06-14	81	51	0.00	0.0
2018-06-15	85	53	0.00	0.0
2018-06-16	86	54	0.00	0.0
2018-06-17	64	48	0.01	0.0
2018-06-18	75	45	T	0.0
2018-06-19	79	47	0.00	0.0
2018-06-20	82	47	0.00	0.0
2018-06-21	82	47	0.00	0.0
2018-06-22	84	47	0.00	0.0
2018-06-23	87	47	0.00	0.0
2018-06-24	86	47	0.00	0.0
2018-06-25	86	44	0.00	0.0
2018-06-26	82	49	0.00	0.0
2018-06-27	88	55	0.00	0.0
2018-06-28	89	52	0.00	0.0
2018-06-29	90	51	0.00	0.0
2018-06-30	82	48	0.00	0.0
2018-07-01	86	47	T	0.0
2018-07-02	85	47	0.00	0.0
2018-07-03	88	51	0.00	0.0
2018-07-04	88	49	T	0.0
2018-07-05	85	52	0.00	0.0
2018-07-06	85	47	0.00	0.0
2018-07-07	83	50	0.00	0.0
2018-07-08	84	48	0.00	0.0
2018-07-09	86	53	T	0.0
2018-07-10	83	50	0.00	0.0
2018-07-11	85	55	0.00	0.0
2018-07-12	85	53	0.04	0.0
2018-07-13	81	53	T	0.0
2018-07-14	83	53	T	0.0
2018-07-15	81	57	T	0.0
2018-07-16	84	57	0.06	0.0
2018-07-17	80	55	0.35	0.0
2018-07-18	80	55	T	0.0
2018-07-19	84	54	0.00	0.0
2018-07-20	88	54	0.00	0.0
2018-07-21	86	58	0.01	0.0
2018-07-22	84	55	0.22	0.0
2018-07-23	84	52	0.19	0.0
2018-07-24	84	53	0.12	0.0
2018-07-25	76	51	T	0.0
2018-07-26	80	51	T	T
2018-07-27	82	47	0.04	0.0
2018-07-28	81	45	0.17	0.0
2018-07-29	81	44	0.17	0.0
2018-07-30	81	47	0.00	0.0
2018-07-31	82	47	0.00	0.0
2018-08-01	82	47	0.00	0.0
2018-08-02	84	48	0.00	0.0
2018-08-03	84	48	0.16	0.0
2018-08-04	70	48	0.20	0.0
2018-08-05	78	48	T	0.0
2018-08-06	87	50	0.00	0.0
2018-08-07	87	49	0.00	0.0
2018-08-08	87	48	0.00	0.0
2018-08-09	85	49	0.00	0.0
2018-08-10	81	50	0.30	0.0
2018-08-11	79	47	0.00	0.0
2018-08-12	78	43	0.00	0.0
2018-08-13	80	46	0.00	0.0
2018-08-14	81	46	0.04	0.0
2018-08-15	82	52	0.00	0.0
2018-08-16	78	50	0.24	0.0
2018-08-17	79	49	T	0.0
2018-08-18	78	49	0.16	0.0
2018-08-19	75	45	0.04	0.0
2018-08-20	81	44	0.00	0.0
2018-08-21	81	44	0.00	0.0
2018-08-22	79	50	0.02	0.0
2018-08-23	74	47	T	0.0
2018-08-24	76	47	0.11	0.0
2018-08-25	80	46	0.00	0.0
2018-08-26	80	46	0.02	0.0
2018-08-27	77	42	0.03	0.0
2018-08-28	79	44	0.00	0.0
2018-08-29	81	44	0.00	0.0
2018-08-30	83	43	0.00	0.0
2018-08-31	85	46	0.00	0.0
2018-09-01	76	47	0.00	0.0
2018-09-02	77	44	0.00	0.0
2018-09-03	74	44	0.88	0.0
2018-09-04	74	44	0.04	0.0
2018-09-05	74	44	0.00	0.0
2018-09-06	66	46	0.12	0.0
2018-09-07	68	44	T	0.0
2018-09-08	74	42	0.00	0.0
2018-09-09	77	43	0.00	0.0
2018-09-10	77	45	0.00	0.0
2018-09-11	79	44	0.00	0.0
2018-09-12	80	42	0.00	0.0
2018-09-13	79	39	0.00	0.0
2018-09-14	79	40	0.00	0.0
2018-09-15	79	40	0.00	0.0
2018-09-16	81	46	0.00	0.0
2018-09-17	79	47	0.00	0.0
2018-09-18	83	47	0.00	0.0
2018-09-19	77	47	0.00	0.0
2018-09-20	83	47	0.28	0.0
2018-09-21	69	41	0.00	0.0
2018-09-22	72	37	0.00	0.0
2018-09-23	73	38	0.00	0.0
2018-09-24	74	42	0.00	0.0
2018-09-25	70	42	0.00	0.0
2018-09-26	76	34	0.00	0.0
2018-09-27	70	34	0.00	0.0
2018-09-28	74	38	0.00	0.0
2018-09-29	76	33	0.00	0.0
2018-09-30	78	33	0.00	0.0
2018-10-01	75	39	0.00	0.0
2018-10-02	67	50	0.05	0.0
2018-10-03	70	43	0.05	0.0
2018-10-04	76	42	0.02	0.0
2018-10-05	66	32	0.00	0.0
2018-10-06	68	31	0.00	0.0
2018-10-07	65	31	0.00	0.0
2018-10-08	64	34	T	0.0
2018-10-09	56	32	0.00	0.0
2018-10-10	54	30	0.00	0.0
2018-10-11	54	33	0.00	0.0
2018-10-12	60	32	0.00	0.0
2018-10-13	64	28	0.00	0.0
2018-10-14	58	33	0.00	0.0
2018-10-15	46	17	0.00	0.0
2018-10-16	64	17	0.00	0.0
2018-10-17	55	23	0.00	0.0
2018-10-18	53	32	0.00	0.0
2018-10-19	57	27	0.00	0.0
2018-10-20	57	28	0.00	0.0
2018-10-21	59	27	0.00	0.0
2018-10-22	63	26	0.00	0.0
2018-10-23	63	26	0.14	0.0
2018-10-24	50	38	0.17	0.0
2018-10-25	56	33	0.10	0.0
2018-10-26	58	29	0.00	0.0
2018-10-27	62	29	0.00	0.0
2018-10-28	61	31	0.00	0.0
2018-10-29	65	28	0.00	0.0
2018-10-30	67	27	0.00	0.0
2018-10-31	54	29	0.41	4.8
2018-11-01	35	19	0.08	0.6
2018-11-02	42	20	0.00	0.0
2018-11-03	51	27	T	T
2018-11-04	47	24	0.00	0.0
2018-11-05	47	24	0.00	0.0
2018-11-06	50	20	0.00	0.0
2018-11-07	50	16	0.00	0.0
2018-11-08	46	17	0.00	0.0
2018-11-09	44	14	0.00	0.0
2018-11-10	42	11	0.00	0.0
2018-11-11	44	13	0.00	0.0
2018-11-12	40	16	0.25	3.7
2018-11-13	22	7	0.00	0.0
2018-11-14	29	7	0.00	0.0
2018-11-15	37	11	0.00	0.0
2018-11-16	43	19	0.00	0.0
2018-11-17	47	21	0.00	0.0
2018-11-18	45	21	0.00	0.0
2018-11-19	44	18	0.00	0.0
2018-11-20	45	19	0.00	0.0
2018-11-21	45	19	0.00	0.0
2018-11-22	46	20	0.00	0.0
2018-11-23	40	21	T	T
2018-11-24	47	17	0.00	0.0
2018-11-25	48	15	T	T
2018-11-26	39	12	0.00	0.0
2018-11-27	39	12	0.00	0.0
2018-11-28	45	17	0.00	0.0
2018-11-29	46	19	0.00	0.0
2018-11-30	49	24	0.00	0.0
2018-12-01	43	20	0.03	0.5
2018-12-02	38	13	0.00	0.0
2018-12-03	38	9	0.05	0.6
2018-12-04	21	7	T	T
2018-12-05	25	8	0.00	0.0
2018-12-06	28	10	0.00	0.0
2018-12-07	34	19	0.00	0.0
2018-12-08	38	18	0.00	0.0
2018-12-09	40	15	0.00	0.0
2018-12-10	41	9	0.00	0.0
2018-12-11	35	10	0.00	0.0
2018-12-12	43	15	0.00	0.0
2018-12-13	43	14	T	T
2018-12-14	40	8	0.00	0.0
2018-12-15	39	12	0.00	0.0
2018-12-16	44	15	0.00	0.0
2018-12-17	46	14	0.00	0.0
2018-12-18	39	15	0.00	0.0
2018-12-19	49	15	0.00	0.0
2018-12-20	44	16	0.00	0.0
2018-12-21	43	14	0.00	0.0
2018-12-22	41	16	0.00	0.0
2018-12-23	44	9	0.00	0.0
2018-12-24	34	12	0.00	0.0
2018-12-25	42	12	T	T
2018-12-26	42	12	0.00	0.0
2018-12-27	39	14	0.00	0.0
2018-12-28	34	14	0.10	2.9
2018-12-29	18	-3	0.07	2.1
2018-12-30	16	-3	0.00	0.0
2018-12-31	17	-2	0.00	0.0
2019-01-01	21	5	0.28	2.3
2019-01-02	19	-1	T	T
2019-01-03	12	-5	0.00	0.0
2019-01-04	13	-5	0.00	0.0
2019-01-05	26	2	0.00	0.0
2019-01-06	24	3	0.00	0.0
2019-01-07	38	12	0.00	0.0
2019-01-08	38	13	0.00	0.0
2019-01-09	35	13	0.00	0.0
2019-01-10	27	14	0.00	0.0
2019-01-11	29	15	0.12	1.2
2019-01-12	34	19	0.21	2.2
2019-01-13	34	8	0.07	1.3
2019-01-14	26	6	0.01	0.2
2019-01-15	26	1	0.00	0.0
2019-01-16	17	1	T	T
2019-01-17	26	4	0.00	0.0
2019-01-18	37	9	0.13	2.3
2019-01-19	28	9	0.00	0.0
2019-01-20	27	6	0.00	0.0
2019-01-21	36	6	0.00	0.0
2019-01-22	37	7	0.03	0.6
2019-01-23	27	4	0.00	0.0
2019-01-24	22	1	0.00	0.0
2019-01-25	25	2	0.00	0.0
2019-01-26	24	3	0.00	0.0
2019-01-27	28	5	0.00	0.0
2019-01-28	27	1	0.00	0.0
2019-01-29	34	-0	0.00	0.0
2019-01-30	21	-2	0.00	0.0
2019-01-31	29	-3	0.00	0.0
2019-02-01	23	2	0.00	0.0
2019-02-02	24	6	0.00	0.0
2019-02-03	27	6	0.00	0.0
2019-02-04	42	19	T	T
2019-02-05	42	20	T	T
2019-02-06	39	26	0.01	0.2
2019-02-07	39	7	0.03	0.3
2019-02-08	25	-0	0.00	0.0
2019-02-09	21	-0	0.00	0.0
2019-02-10	33	2	0.00	0.0
2019-02-11	32	8	0.00	0.0
2019-02-12	32	3	0.00	0.0
2019-02-13	28	5	0.00	0.0
2019-02-14	41	9	0.00	0.0
2019-02-15	37	23	0.22	2.4
2019-02-16	43	18	0.00	0.0
2019-02-17	33	4	T	T
2019-02-18	21	5	T	T
2019-02-19	25	6	T	T
2019-02-20	27	2	T	T
2019-02-21	21	4	0.00	0.0
2019-02-22	28	11	T	T
2019-02-23	34	17	0.02	0.3
2019-02-24	34	6	0.00	0.0
2019-02-25	27	6	0.00	0.0
2019-02-26	32	7	0.00	0.0
2019-02-27	36	15	0.00	0.0
2019-02-28	39	20	0.00	0.0
2019-03-01	45	24	0.00	0.0
2019-03-02	49	26	0.00	0.0
2019-03-03	49	29	0.02	0.2
2019-03-04	47	29	0.13	2.1
2019-03-05	47	20	T	T
2019-03-06	42	23	0.00	0.0
2019-03-07	52	26	T	T
2019-03-08	50	26	0.00	0.0
2019-03-09	49	25	0.06	0.4
2019-03-10	43	22	0.00	0.0
2019-03-11	50	22	0.01	0.2
2019-03-12	45	27	1.24	14.5
2019-03-13	42	32	0.37	T
2019-03-14	40	14	0.00	0.0
2019-03-15	36	14	0.00	0.0
2019-03-16	33	14	0.00	0.0
2019-03-17	42	18	0.00	0.0
2019-03-18	49	22	0.00	0.0
2019-03-19	51	23	0.00	0.0
2019-03-20	50	23	0.00	0.0
2019-03-21	51	23	0.00	0.0
2019-03-22	51	24	0.14	0.2
2019-03-23	45	24	T	T
2019-03-24	52	25	0.00	0.0
2019-03-25	51	24	0.00	0.0
2019-03-26	57	24	0.00	0.0
2019-03-27	61	24	0.00	0.0
2019-03-28	67	30	0.00	0.0
2019-03-29	64	30	0.00	0.0
2019-03-30	52	21	T	T
2019-03-31	45	19	T	T
2019-04-01	33	18	0.09	0.6
2019-04-02	50	19	0.00	0.0
2019-04-03	57	27	0.00	0.0
2019-04-04	53	27	0.00	0.0
2019-04-05	61	28	0.00	0.0
2019-04-06	57	30	0.00	0.0
2019-04-07	63	29	0.00	0.0
2019-04-08	65	31	0.00	0.0
2019-04-09	68	33	0.00	0.0
2019-04-10	68	36	T	0.0
2019-04-11	49	31	T	0.0
2019-04-12	45	15	0.00	0.0
2019-04-13	45	16	0.00	0.0
2019-04-14	48	19	T	T
2019-04-15	61	19	0.00	0.0
2019-04-16	64	28	0.00	0.0
2019-04-17	61	33	0.00	0.0
2019-04-18	60	29	0.00	0.0
2019-04-19	61	33	0.00	0.0
2019-04-20	70	33	0.00	0.0
2019-04-21	68	30	0.00	0.0
2019-04-22	63	28	0.00	0.0
2019-04-23	64	32	0.79	1.1
2019-04-24	53	33	0.08	0.0
2019-04-25	63	33	0.00	0.0
2019-04-26	67	36	0.00	0.0
2019-04-27	67	35	0.01	0.0
2019-04-28	67	34	0.00	0.0
2019-04-29	66	32	0.00	0.0
2019-04-30	62	37	0.30	0.0
2019-05-01	54	35	T	0.0
2019-05-02	55	32	T	T
2019-05-03	61	27	0.00	0.0
2019-05-04	62	32	0.00	0.0
2019-05-05	64	34	T	0.0
2019-05-06	65	35	0.00	0.0
2019-05-07	67	35	0.00	0.0
2019-05-08	64	34	0.00	0.0
2019-05-09	59	29	0.85	5.8
2019-05-10	38	29	0.17	0.5
2019-05-11	44	31	0.02	0.0
2019-05-12	60	34	0.00	0.0
2019-05-13	63	36	0.00	0.0
2019-05-14	67	40	0.03	0.0
2019-05-15	70	40	0.00	0.0
2019-05-16	71	42	0.00	0.0
2019-05-17	70	43	T	0.0
2019-05-18	57	31	0.00	0.0
2019-05-19	56	26	0.00	0.0
2019-05-20	60	32	0.00	0.0
2019-05-21	53	32	0.00	0.0
2019-05-22	54	30	0.00	0.0
2019-05-23	53	35	0.00	0.0
2019-05-24	64	26	T	0.0
2019-05-25	61	27	0.00	0.0
2019-05-26	69	32	0.00	0.0
2019-05-27	70	31	T	0.0
2019-05-28	63	31	T	0.0
2019-05-29	59	30	0.00	0.0
2019-05-30	59	30	0.05	0.0
2019-05-31	61	34	0.11	0.0
2019-06-01	68	34	0.00	0.0
2019-06-02	74	39	0.00	0.0
2019-06-03	68	40	0.01	0.0
2019-06-04	71	40	0.00	0.0
2019-06-05	71	39	T	0.0
2019-06-06	65	42	0.00	0.0
2019-06-07	74	43	T	0.0
2019-06-08	78	43	0.00	0.0
2019-06-09	78	40	0.00	0.0
2019-06-10	77	33	0.00	0.0
2019-06-11	75	40	0.01	0.0
2019-06-12	79	41	0.00	0.0
2019-06-13	79	41	T	0.0
2019-06-14	79	41	0.02	0.0
2019-06-15	80	41	0.00	0.0
2019-06-16	71	41	0.00	0.0
2019-06-17	71	47	T	0.0
2019-06-18	73	43	0.62	0.0
2019-06-19	73	42	T	0.0
2019-06-20	76	44	0.00	0.0
2019-06-21	78	51	0.00	0.0
2019-06-22	78	44	0.00	0.0
2019-06-23	66	34	0.14	0.0
2019-06-24	65	37	0.00	0.0
2019-06-25	72	40	0.00	0.0
2019-06-26	77	45	0.00	0.0
2019-06-27	80	43	0.00	0.0
2019-06-28	83	43	0.00	0.0
2019-06-29	86	43	T	0.0
2019-06-30	81	52	0.00	0.0
2019-07-01	82	50	0.10	0.0
2019-07-02	75	43	0.03	0.0
2019-07-03	76	45	0.00	0.0
2019-07-04	82	45	0.00	0.0
2019-07-05	84	45	0.00	0.0
2019-07-06	85	49	0.00	0.0
2019-07-07	75	44	0.00	0.0
2019-07-08	75	44	T	0.0
2019-07-09	75	44	0.08	0.0
2019-07-10	81	44	0.00	0.0
2019-07-11	85	50	0.00	0.0
2019-07-12	81	48	T	0.0
2019-07-13	85	52	0.00	0.0
2019-07-14	83	52	0.00	0.0
2019-07-15	81	49	1.54	0.0
2019-07-16	82	49	0.00	0.0
2019-07-17	80	50	0.09	0.0
2019-07-18	85	50	0.00	0.0
2019-07-19	84	55	0.00	0.0
2019-07-20	85	50	0.00	0.0
2019-07-21	82	50	T	0.0
2019-07-22	84	50	0.00	0.0
2019-07-23	77	46	0.00	0.0
2019-07-24	78	47	0.03	0.0
2019-07-25	81	49	0.01	0.0
2019-07-26	78	53	0.01	0.0
2019-07-27	79	50	0.03	0.0
2019-07-28	79	50	0.28	0.0
2019-07-29	81	49	0.00	0.0
2019-07-30	83	48	0.00	0.0
2019-07-31	79	49	0.00	0.0
2019-08-01	83	51	0.06	0.0
2019-08-02	83	50	0.16	0.0
2019-08-03	81	52	0.00	0.0
2019-08-04	81	51	0.00	0.0
2019-08-05	78	51	T	0.0
2019-08-06	82	51	0.00	0.0
2019-08-07	82	50	T	0.0
2019-08-08	82	50	0.00	0.0
2019-08-09	80	49	0.11	0.0
2019-08-10	80	49	0.08	0.0
2019-08-11	77	51	0.13	0.0
2019-08-12	69	48	0.79	0.0
2019-08-13	77	48	0.01	0.0
2019-08-14	78	49	0.00	0.0
2019-08-15	81	48	0.00	0.0
2019-08-16	81	47	0.00	0.0
2019-08-17	77	43	0.00	0.0
2019-08-18	81	43	0.00	0.0
2019-08-19	83	48	0.00	0.0
2019-08-20	82	47	0.00	0.0
2019-08-21	85	47	T	0.0
2019-08-22	75	43	T	0.0
2019-08-23	76	41	T	0.0
2019-08-24	76	41	0.07	0.0
2019-08-25	81	48	0.00	0.0
2019-08-26	89	47	0.00	0.0
2019-08-27	88	44	0.00	0.0
2019-08-28	82	44	0.00	0.0
2019-08-29	88	44	0.00	0.0
2019-08-30	84	47	0.00	0.0
2019-08-31	85	49	T	0.0
2019-09-01	85	47	T	0.0
2019-09-02	82	46	0.00	0.0
2019-09-03	84	48	0.00	0.0
2019-09-04	85	50	0.00	0.0
2019-09-05	84	48	0.00	0.0
2019-09-06	86	48	0.00	0.0
2019-09-07	80	52	0.00	0.0
2019-09-08	80	43	0.19	0.0
2019-09-09	69	44	0.08	0.0
2019-09-10	77	42	0.00	0.0
2019-09-11	75	43	0.08	0.0
2019-09-12	72	34	T	0.0
2019-09-13	70	34	0.00	0.0
2019-09-14	77	38	0.00	0.0
2019-09-15	78	40	0.00	0.0
2019-09-16	78	40	0.06	0.0
2019-09-17	71	46	0.02	0.0
2019-09-18	74	40	0.00	0.0
2019-09-19	76	40	0.00	0.0
2019-09-20	77	40	0.00	0.0
2019-09-21	77	46	0.00	0.0
2019-09-22	72	31	0.00	0.0
2019-09-23	71	31	0.00	0.0
2019-09-24	67	36	0.00	0.0
2019-09-25	73	36	0.00	0.0
2019-09-26	75	39	0.00	0.0
2019-09-27	78	40	0.00	0.0
2019-09-28	74	37	0.09	0.0
2019-09-29	74	36	0.00	0.0
2019-09-30	74	36	T	0.0
2019-10-01	75	30	0.00	0.0
2019-10-02	74	31	0.00	0.0
2019-10-03	69	29	0.00	0.0
2019-10-04	70	28	0.07	0.0
2019-10-05	70	28	0.00	0.0
2019-10-06	70	28	0.00	0.0
2019-10-07	65	25	0.00	0.0
2019-10-08	65	26	0.00	0.0
2019-10-09	71	27	0.00	0.0
2019-10-10	67	26	0.00	0.0
2019-10-11	67	32	0.00	0.0
2019-10-12	52	6	0.00	0.0
2019-10-13	60	15	0.00	0.0
2019-10-14	61	19	0.00	0.0
2019-10-15	66	19	0.00	0.0
2019-10-16	65	27	0.00	0.0
2019-10-17	66	27	0.00	0.0
2019-10-18	67	29	0.00	0.0
2019-10-19	56	20	0.03	0.0
2019-10-20	56	21	0.00	0.0
2019-10-21	56	14	0.00	0.0
2019-10-22	45	15	0.00	0.0
2019-10-23	54	17	0.00	0.0
2019-10-24	56	17	0.28	4.8
2019-10-25	56	14	0.00	0.0
2019-10-26	56	11	0.00	0.0
2019-10-27	57	20	0.00	0.0
2019-10-28	59	24	T	T
2019-10-29	59	17	T	T
2019-10-30	59	8	0.03	0.9
2019-10-31	28	2	0.00	0.0
2019-11-01	39	2	0.00	0.0
2019-11-02	48	9	0.00	0.0
2019-11-03	49	13	0.00	0.0
2019-11-04	54	17	0.00	0.0
2019-11-05	56	18	0.00	0.0
2019-11-06	56	23	0.00	0.0
2019-11-07	56	18	0.00	0.0
2019-11-08	55	16	0.00	0.0
2019-11-09	55	16	0.00	0.0
2019-11-10	58	19	0.00	0.0
2019-11-11	55	22	0.00	0.0
2019-11-12	54	6	0.00	0.0
2019-11-13	45	7	0.00	0.0
2019-11-14	52	16	0.00	0.0
2019-11-15	51	17	0.00	0.0
2019-11-16	52	17	0.00	0.0
2019-11-17	54	20	0.00	0.0
2019-11-18	52	21	0.00	0.0
2019-11-19	58	19	0.00	0.0
2019-11-20	53	26	0.00	0.0
2019-11-21	53	23	T	0.0
2019-11-22	41	25	0.02	0.0
2019-11-23	42	14	0.00	0.0
2019-11-24	43	14	0.00	0.0
2019-11-25	44	10	0.00	0.0
2019-11-26	45	12	0.03	0.6
2019-11-27	30	-0	0.00	0.0
2019-11-28	27	4	0.03	0.5
2019-11-29	28	22	0.21	3.1
2019-11-30	34	13	0.05	1.6
2019-12-01	33	-1	0.00	0.0
2019-12-02	33	1	0.00	0.0
2019-12-03	23	12	0.00	0.0
2019-12-04	39	14	0.00	0.0
2019-12-05	43	15	0.00	0.0
2019-12-06	43	15	T	T
2019-12-07	39	14	0.00	0.0
2019-12-08	39	14	0.00	0.0
2019-12-09	34	14	T	T
2019-12-10	39	8	0.00	0.0
2019-12-11	34	9	0.00	0.0
2019-12-12	34	11	0.00	0.0
2019-12-13	39	13	T	T
2019-12-14	44	14	0.00	0.0
2019-12-15	43	14	0.42	6.3
2019-12-16	27	13	0.35	4.1
2019-12-17	27	-10	0.00	0.0
2019-12-18	10	-16	0.00	0.0
2019-12-19	13	-16	0.00	0.0
2019-12-20	17	-9	0.00	0.0
2019-12-21	19	-9	0.00	0.0
2019-12-22	25	-5	0.00	0.0
2019-12-23	21	-4	0.00	0.0
2019-12-24	25	-0	0.00	0.0
2019-12-25	29	1	0.00	0.0
2019-12-26	31	-1	T	T
2019-12-27	28	-0	0.03	0.8
2019-12-28	25	7	0.12	1.5
2019-12-29	29	-2	T	0.3
2019-12-30	21	-16	0.00	0.0
2019-12-31	12	-13	0.00	0.0